tarefa(1,[39,40,41,42],5,3).
tarefa(2,[25,26,27,28,29,30],4,5).
tarefa(3,[9,10,11,12,13,14,15,16],5,4).
tarefa(4,[118,119,120],30,4).
tarefa(5,[102,103,104,105,106,107,108],16,1).
tarefa(6,[96,97,98,99,100,101],30,3).
tarefa(7,[85,86,87,88,89,90,91],25,5).
tarefa(8,[31,32,33,34,35,36,37,38],2,4).
tarefa(9,[21,22,23,24],1,4).
tarefa(10,[17,18,19,20],4,5).
tarefa(11,[1184,1185,1186],14,1).
tarefa(12,[160,161,162,163,164],37,1).
tarefa(13,[133,134,135,136],22,3).
tarefa(14,[121,122,123,124],28,3).
tarefa(15,[96,97,98,99,100,101],25,3).
tarefa(16,[66,67,68,69,70],8,4).
tarefa(17,[206,207,208,209,210,211,212],30,3).
tarefa(18,[149,150,151,152,153],29,5).
tarefa(19,[125,126,127],25,1).
tarefa(20,[49,50,51,52,53,54,55,56,57,58],1,3).
tarefa(21,[666,667,668,669],12,4).
tarefa(22,[154,155,156,157,158,159],34,5).
tarefa(23,[92,93,94,95],22,5).
tarefa(24,[43,44,45,46,47,48],5,3).
tarefa(25,[224,225,226,227,228],45,1).
tarefa(26,[177,178,179,180,181,182],39,4).
tarefa(27,[170,171,172,173,174,175,176],30,5).
tarefa(28,[160,161,162,163,164],18,4).
tarefa(29,[145,146,147,148],9,2).
tarefa(30,[137,138,139,140,141,142,143,144],33,1).
tarefa(31,[959,960,961,962,963,964,965],13,3).
tarefa(32,[160,161,162,163,164],40,2).
tarefa(33,[154,155,156,157,158,159],38,3).
tarefa(34,[149,150,151,152,153],36,3).
tarefa(35,[145,146,147,148],31,1).
tarefa(36,[118,119,120],28,4).
tarefa(37,[85,86,87,88,89,90,91],23,5).
tarefa(38,[59,60,61,62,63,64,65],2,5).
tarefa(39,[792,793,794,795],13,5).
tarefa(40,[186,187,188,189,190],44,2).
tarefa(41,[170,171,172,173,174,175,176],29,3).
tarefa(42,[149,150,151,152,153],33,3).
tarefa(43,[1350,1351,1352,1353,1354,1355,1356,1357],12,4).
tarefa(44,[160,161,162,163,164],31,2).
tarefa(45,[154,155,156,157,158,159],29,1).
tarefa(46,[102,103,104,105,106,107,108],5,1).
tarefa(47,[96,97,98,99,100,101],19,4).
tarefa(48,[66,67,68,69,70],2,2).
tarefa(49,[369,370,371],6,5).
tarefa(50,[197,198,199,200],38,3).
tarefa(51,[165,166,167,168,169],25,2).
tarefa(52,[154,155,156,157,158,159],30,4).
tarefa(53,[149,150,151,152,153],28,4).
tarefa(54,[121,122,123,124],23,5).
tarefa(55,[118,119,120],20,4).
tarefa(56,[114,115,116,117],5,1).
tarefa(57,[77,78,79,80,81],10,5).
tarefa(58,[66,67,68,69,70],3,2).
tarefa(59,[559,560,561,562],13,1).
tarefa(60,[177,178,179,180,181,182],39,4).
tarefa(61,[170,171,172,173,174,175,176],30,3).
tarefa(62,[165,166,167,168,169],31,2).
tarefa(63,[121,122,123,124],29,5).
tarefa(64,[114,115,116,117],11,5).
tarefa(65,[77,78,79,80,81],16,2).
tarefa(66,[71,72,73,74,75,76],3,4).
tarefa(67,[785,786,787,788,789,790,791],13,3).
tarefa(68,[165,166,167,168,169],22,4).
tarefa(69,[121,122,123,124],20,4).
tarefa(70,[96,97,98,99,100,101],17,4).
tarefa(71,[569,570,571,572,573,574],11,4).
tarefa(72,[186,187,188,189,190],33,2).
tarefa(73,[125,126,127],18,1).
tarefa(74,[118,119,120],14,4).
tarefa(75,[82,83,84],2,1).
tarefa(76,[77,78,79,80,81],4,5).
tarefa(77,[284,285,286,287,288],44,4).
tarefa(78,[186,187,188,189,190],29,2).
tarefa(79,[165,166,167,168,169],15,1).
tarefa(80,[133,134,135,136],7,5).
tarefa(81,[85,86,87,88,89,90,91],5,1).
tarefa(82,[266,267,268,269,270,271,272],5,5).
tarefa(83,[137,138,139,140,141,142,143,144],19,5).
tarefa(84,[92,93,94,95],10,2).
tarefa(85,[344,345,346,347,348,349,350],5,3).
tarefa(86,[186,187,188,189,190],24,1).
tarefa(87,[149,150,151,152,153],13,1).
tarefa(88,[145,146,147,148],8,5).
tarefa(89,[121,122,123,124],8,2).
tarefa(90,[118,119,120],5,4).
tarefa(91,[92,93,94,95],3,4).
tarefa(92,[396,397,398,399],5,4).
tarefa(93,[201,202,203,204,205],25,1).
tarefa(94,[145,146,147,148],5,3).
tarefa(95,[96,97,98,99,100,101],2,3).
tarefa(96,[912,913,914,915],14,2).
tarefa(97,[224,225,226,227,228],29,2).
tarefa(98,[213,214,215,216],21,3).
tarefa(99,[160,161,162,163,164],12,4).
tarefa(100,[154,155,156,157,158,159],10,5).
tarefa(101,[121,122,123,124],3,2).
tarefa(102,[133,134,135,136],11,3).
tarefa(103,[206,207,208,209,210,211,212],6,2).
tarefa(104,[183,184,185],31,4).
tarefa(105,[170,171,172,173,174,175,176],18,3).
tarefa(106,[145,146,147,148],17,4).
tarefa(107,[128,129,130,131,132],1,3).
tarefa(108,[109,110,111,112,113],1,3).
tarefa(109,[1175,1176,1177,1178,1179,1180,1181],14,5).
tarefa(110,[217,218,219,220,221],4,5).
tarefa(111,[206,207,208,209,210,211,212],25,5).
tarefa(112,[154,155,156,157,158,159],23,2).
tarefa(113,[118,119,120],13,1).
tarefa(114,[872,873,874,875,876],12,1).
tarefa(115,[235,236,237,238],46,1).
tarefa(116,[222,223],40,4).
tarefa(117,[149,150,151,152,153],23,3).
tarefa(118,[327,328,329,330,331],47,5).
tarefa(119,[186,187,188,189,190],19,4).
tarefa(120,[165,166,167,168,169],5,3).
tarefa(121,[197,198,199,200],15,1).
tarefa(122,[239,240,241,242,243],29,3).
tarefa(123,[170,171,172,173,174,175,176],1,5).
tarefa(124,[125,126,127],1,4).
tarefa(125,[523,524,525,526],14,1).
tarefa(126,[229,230,231,232,233,234],24,4).
tarefa(127,[137,138,139,140,141,142,143,144],3,4).
tarefa(128,[1391,1392,1393,1394],12,1).
tarefa(129,[245,246,247,248],5,2).
tarefa(130,[229,230,231,232,233,234],41,3).
tarefa(131,[191,192,193,194,195,196],28,3).
tarefa(132,[183,184,185],30,1).
tarefa(133,[1131,1132,1133,1134,1135],15,3).
tarefa(134,[263,264,265],45,3).
tarefa(135,[206,207,208,209,210,211,212],15,3).
tarefa(136,[186,187,188,189,190],22,2).
tarefa(137,[912,913,914,915],15,1).
tarefa(138,[284,285,286,287,288],27,3).
tarefa(139,[244],14,2).
tarefa(140,[235,236,237,238],24,2).
tarefa(141,[229,230,231,232,233,234],21,1).
tarefa(142,[213,214,215,216],14,2).
tarefa(143,[206,207,208,209,210,211,212],5,4).
tarefa(144,[160,161,162,163,164],5,3).
tarefa(145,[239,240,241,242,243],29,2).
tarefa(146,[224,225,226,227,228],26,1).
tarefa(147,[213,214,215,216],18,1).
tarefa(148,[149,150,151,152,153],5,5).
tarefa(149,[396,397,398,399],5,1).
tarefa(150,[263,264,265],34,2).
tarefa(151,[177,178,179,180,181,182],5,3).
tarefa(152,[160,161,162,163,164],4,4).
tarefa(153,[154,155,156,157,158,159],2,1).
tarefa(154,[944,945,946,947,948,949],14,5).
tarefa(155,[239,240,241,242,243],22,5).
tarefa(156,[224,225,226,227,228],19,4).
tarefa(157,[206,207,208,209,210,211,212],2,5).
tarefa(158,[197,198,199,200],8,1).
tarefa(159,[191,192,193,194,195,196],5,1).
tarefa(160,[372,373,374,375],43,2).
tarefa(161,[235,236,237,238],19,4).
tarefa(162,[197,198,199,200],6,2).
tarefa(163,[183,184,185],5,4).
tarefa(164,[177,178,179,180,181,182],1,1).
tarefa(165,[327,328,329,330,331],42,4).
tarefa(166,[302,303],21,5).
tarefa(167,[266,267,268,269,270,271,272],28,1).
tarefa(168,[263,264,265],37,5).
tarefa(169,[249,250,251,252,253,254],25,2).
tarefa(170,[465,466,467,468],11,5).
tarefa(171,[266,267,268,269,270,271,272],29,2).
tarefa(172,[244],17,5).
tarefa(173,[229,230,231,232,233,234],24,4).
tarefa(174,[224,225,226,227,228],25,4).
tarefa(175,[186,187,188,189,190],15,5).
tarefa(176,[183,184,185],13,1).
tarefa(177,[1131,1132,1133,1134,1135],14,1).
tarefa(178,[298,299,300,301],23,5).
tarefa(179,[289,290,291],2,4).
tarefa(180,[235,236,237,238],18,3).
tarefa(181,[191,192,193,194,195,196],2,1).
tarefa(182,[183,184,185],4,3).
tarefa(183,[618,619,620,621,622,623,624],11,3).
tarefa(184,[294,295,296,297],25,5).
tarefa(185,[186,187,188,189,190],2,3).
tarefa(186,[898,899,900,901,902,903,904],11,1).
tarefa(187,[322,323,324,325,326],25,2).
tarefa(188,[263,264,265],23,1).
tarefa(189,[244],2,4).
tarefa(190,[213,214,215,216],2,1).
tarefa(191,[1232,1233,1234,1235],12,5).
tarefa(192,[310,311,312,313,314,315,316,317],18,4).
tarefa(193,[304,305,306,307,308,309],20,1).
tarefa(194,[302,303],11,1).
tarefa(195,[266,267,268,269,270,271,272],18,1).
tarefa(196,[197,198,199,200],3,5).
tarefa(197,[1323,1324,1325,1326,1327,1328,1329],13,3).
tarefa(198,[318,319,320,321],18,2).
tarefa(199,[294,295,296,297],24,5).
tarefa(200,[201,202,203,204,205],5,3).
tarefa(201,[332,333,334,335,336],29,5).
tarefa(202,[302,303],3,1).
tarefa(203,[266,267,268,269,270,271,272],10,4).
tarefa(204,[229,230,231,232,233,234],5,2).
tarefa(205,[222,223],2,3).
tarefa(206,[724,725,726,727,728,729],15,1).
tarefa(207,[302,303],14,2).
tarefa(208,[298,299,300,301],24,4).
tarefa(209,[289,290,291],3,5).
tarefa(210,[278,279,280,281,282,283],7,3).
tarefa(211,[249,250,251,252,253,254],18,4).
tarefa(212,[222,223],13,3).
tarefa(213,[563,564,565],13,1).
tarefa(214,[302,303],5,1).
tarefa(215,[273,274,275,276,277],15,3).
tarefa(216,[255,256,257,258,259,260,261,262],5,2).
tarefa(217,[1385,1386],13,4).
tarefa(218,[310,311,312,313,314,315,316,317],42,3).
tarefa(219,[298,299,300,301],45,2).
tarefa(220,[266,267,268,269,270,271,272],42,1).
tarefa(221,[263,264,265],51,1).
tarefa(222,[539,540,541,542,543,544,545],8,4).
tarefa(223,[224,225,226,227,228],4,1).
tarefa(224,[424,425,426,427,428,429,430,431],28,2).
tarefa(225,[294,295,296,297],13,3).
tarefa(226,[284,285,286,287,288],5,5).
tarefa(227,[249,250,251,252,253,254],1,5).
tarefa(228,[235,236,237,238],2,2).
tarefa(229,[360,361,362,363,364,365],20,2).
tarefa(230,[351,352,353],25,2).
tarefa(231,[337,338,339,340,341,342,343],16,3).
tarefa(232,[327,328,329,330,331],19,1).
tarefa(233,[294,295,296,297],14,5).
tarefa(234,[239,240,241,242,243],4,5).
tarefa(235,[1036,1037,1038,1039,1040,1041,1042],13,1).
tarefa(236,[366,367,368],18,5).
tarefa(237,[298,299,300,301],5,3).
tarefa(238,[239,240,241,242,243],1,1).
tarefa(239,[1046,1047,1048,1049],11,4).
tarefa(240,[344,345,346,347,348,349,350],14,5).
tarefa(241,[298,299,300,301],4,1).
tarefa(242,[292,293],5,1).
tarefa(243,[245,246,247,248],5,1).
tarefa(244,[400,401],42,2).
tarefa(245,[761,762,763],15,4).
tarefa(246,[366,367,368],12,3).
tarefa(247,[294,295,296,297],5,2).
tarefa(248,[263,264,265],5,4).
tarefa(249,[530,531,532,533,534,535,536,537,538],59,5).
tarefa(250,[354,355,356,357,358],6,2).
tarefa(251,[310,311,312,313,314,315,316,317],3,5).
tarefa(252,[304,305,306,307,308,309],5,4).
tarefa(253,[266,267,268,269,270,271,272],3,4).
tarefa(254,[263,264,265],12,3).
tarefa(255,[761,762,763],12,2).
tarefa(256,[376,377,378,379],26,5).
tarefa(257,[360,361,362,363,364,365],22,4).
tarefa(258,[359],20,2).
tarefa(259,[327,328,329,330,331],21,2).
tarefa(260,[318,319,320,321],10,5).
tarefa(261,[310,311,312,313,314,315,316,317],7,5).
tarefa(262,[278,279,280,281,282,283],13,1).
tarefa(263,[1319,1320,1321,1322],12,5).
tarefa(264,[327,328,329,330,331],5,1).
tarefa(265,[322,323,324,325,326],2,5).
tarefa(266,[912,913,914,915],15,4).
tarefa(267,[396,397,398,399],20,5).
tarefa(268,[372,373,374,375],22,1).
tarefa(269,[366,367,368],16,3).
tarefa(270,[354,355,356,357,358],3,1).
tarefa(271,[278,279,280,281,282,283],6,3).
tarefa(272,[273,274,275,276,277],3,1).
tarefa(273,[508,509,510],25,1).
tarefa(274,[381,382,383,384],23,2).
tarefa(275,[372,373,374,375],19,5).
tarefa(276,[294,295,296,297],6,3).
tarefa(277,[278,279,280,281,282,283],3,4).
tarefa(278,[552,553,554,555],54,5).
tarefa(279,[381,382,383,384],20,1).
tarefa(280,[372,373,374,375],16,1).
tarefa(281,[369,370,371],1,2).
tarefa(282,[344,345,346,347,348,349,350],7,3).
tarefa(283,[337,338,339,340,341,342,343],5,5).
tarefa(284,[772,773,774,775],11,3).
tarefa(285,[402,403,404,405,406,407],38,5).
tarefa(286,[380],23,2).
tarefa(287,[376,377,378,379],18,4).
tarefa(288,[332,333,334,335,336],18,1).
tarefa(289,[1248,1249,1250,1251,1252,1253,1254],14,4).
tarefa(290,[392,393,394,395],43,5).
tarefa(291,[369,370,371],25,5).
tarefa(292,[1407,1408,1409,1410],12,5).
tarefa(293,[376,377,378,379],15,4).
tarefa(294,[1115,1116,1117,1118,1119],15,4).
tarefa(295,[392,393,394,395],16,3).
tarefa(296,[351,352,353],11,3).
tarefa(297,[344,345,346,347,348,349,350],4,4).
tarefa(298,[508,509,510],25,3).
tarefa(299,[402,403,404,405,406,407],36,1).
tarefa(300,[392,393,394,395],22,2).
tarefa(301,[359],10,4).
tarefa(302,[372,373,374,375],29,5).
tarefa(303,[396,397,398,399],7,1).
tarefa(304,[366,367,368],14,2).
tarefa(305,[416,417,418,419,420],32,1).
tarefa(306,[402,403,404,405,406,407],37,5).
tarefa(307,[400,401],28,1).
tarefa(308,[381,382,383,384],24,1).
tarefa(309,[318,319,320,321],1,2).
tarefa(310,[1428,1429,1430],12,4).
tarefa(311,[451,452,453,454],40,1).
tarefa(312,[438,439,440,441,442,443,444],30,4).
tarefa(313,[402,403,404,405,406,407],9,3).
tarefa(314,[392,393,394,395],25,2).
tarefa(315,[376,377,378,379],9,4).
tarefa(316,[372,373,374,375],22,2).
tarefa(317,[327,328,329,330,331],14,3).
tarefa(318,[776,777,778,779,780,781,782],14,2).
tarefa(319,[408,409,410,411,412,413,414,415],16,4).
tarefa(320,[359],10,5).
tarefa(321,[327,328,329,330,331],11,5).
tarefa(322,[1111,1112,1113,1114],1,3).
tarefa(323,[1160,1161,1162,1163,1164,1165,1166,1167],11,4).
tarefa(324,[421,422,423],14,2).
tarefa(325,[416,417,418,419,420],23,1).
tarefa(326,[372,373,374,375],11,3).
tarefa(327,[421,422,423],11,4).
tarefa(328,[392,393,394,395],11,3).
tarefa(329,[372,373,374,375],8,2).
tarefa(330,[360,361,362,363,364,365],1,4).
tarefa(331,[332,333,334,335,336],5,5).
tarefa(332,[1031,1032,1033,1034,1035],14,4).
tarefa(333,[455,456,457,458],26,3).
tarefa(334,[424,425,426,427,428,429,430,431],5,5).
tarefa(335,[372,373,374,375],3,4).
tarefa(336,[351,352,353],1,1).
tarefa(337,[836,837,838,839,840,841],13,5).
tarefa(338,[438,439,440,441,442,443,444],19,1).
tarefa(339,[432,433,434,435,436,437],13,1).
tarefa(340,[424,425,426,427,428,429,430,431],13,3).
tarefa(341,[396,397,398,399],9,1).
tarefa(342,[372,373,374,375],11,1).
tarefa(343,[359],2,1).
tarefa(344,[1420,1421],11,2).
tarefa(345,[469,470,471,472,473,474],27,3).
tarefa(346,[451,452,453,454],27,4).
tarefa(347,[445,446,447,448,449,450],30,1).
tarefa(348,[432,433,434,435,436,437],11,2).
tarefa(349,[421,422,423],12,1).
tarefa(350,[351,352,353],7,3).
tarefa(351,[976,977,978,979,980,981,982,983,984,985],12,4).
tarefa(352,[455,456,457,458],25,5).
tarefa(353,[392,393,394,395],5,4).
tarefa(354,[1018,1019,1020,1021,1022,1023],14,1).
tarefa(355,[475,476,477,478,479,480,481,482,483],40,5).
tarefa(356,[402,403,404,405,406,407],36,4).
tarefa(357,[392,393,394,395],22,3).
tarefa(358,[366,367,368],13,1).
tarefa(359,[455,456,457,458],32,5).
tarefa(360,[451,452,453,454],25,1).
tarefa(361,[505,506,507],34,4).
tarefa(362,[488,489,490,491,492,493,494],23,3).
tarefa(363,[484,485,486,487],31,3).
tarefa(364,[376,377,378,379],4,4).
tarefa(365,[366,367,368],1,5).
tarefa(366,[511,512,513,514,515],33,3).
tarefa(367,[408,409,410,411,412,413,414,415],3,3).
tarefa(368,[396,397,398,399],4,5).
tarefa(369,[579,580,581,582,583],53,1).
tarefa(370,[508,509,510],21,4).
tarefa(371,[408,409,410,411,412,413,414,415],12,4).
tarefa(372,[1187,1188,1189,1190],11,4).
tarefa(373,[505,506,507],27,4).
tarefa(374,[459,460,461,462,463,464],2,1).
tarefa(375,[381,382,383,384],4,4).
tarefa(376,[569,570,571,572,573,574],35,5).
tarefa(377,[432,433,434,435,436,437],5,2).
tarefa(378,[385,386,387,388,389,390,391],8,1).
tarefa(379,[380],5,5).
tarefa(380,[402,403,404,405,406,407],15,3).
tarefa(381,[1428,1429,1430],13,4).
tarefa(382,[488,489,490,491,492,493,494],12,4).
tarefa(383,[455,456,457,458],19,3).
tarefa(384,[385,386,387,388,389,390,391],1,1).
tarefa(385,[451,452,453,454],13,1).
tarefa(386,[505,506,507],22,2).
tarefa(387,[469,470,471,472,473,474],13,1).
tarefa(388,[465,466,467,468],21,4).
tarefa(389,[451,452,453,454],13,1).
tarefa(390,[438,439,440,441,442,443,444],3,1).
tarefa(391,[400,401],3,4).
tarefa(392,[500,501,502,503,504],25,4).
tarefa(393,[469,470,471,472,473,474],15,4).
tarefa(394,[465,466,467,468],23,2).
tarefa(395,[445,446,447,448,449,450],18,1).
tarefa(396,[1420,1421],12,5).
tarefa(397,[520,521,522],32,1).
tarefa(398,[511,512,513,514,515],29,5).
tarefa(399,[508,509,510],8,3).
tarefa(400,[745,746,747,748,749,750,751],15,5).
tarefa(401,[416,417,418,419,420],4,5).
tarefa(402,[1024,1025,1026,1027,1028,1029,1030],14,3).
tarefa(403,[523,524,525,526],9,5).
tarefa(404,[505,506,507],10,2).
tarefa(405,[469,470,471,472,473,474],1,1).
tarefa(406,[465,466,467,468],9,5).
tarefa(407,[445,446,447,448,449,450],4,4).
tarefa(408,[615,616,617],24,1).
tarefa(409,[546,547,548],40,1).
tarefa(410,[530,531,532,533,534,535,536,537,538],37,4).
tarefa(411,[516,517,518,519],28,1).
tarefa(412,[488,489,490,491,492,493,494],19,2).
tarefa(413,[455,456,457,458],26,5).
tarefa(414,[432,433,434,435,436,437],5,4).
tarefa(415,[421,422,423],6,2).
tarefa(416,[944,945,946,947,948,949],15,5).
tarefa(417,[527,528,529],14,1).
tarefa(418,[523,524,525,526],14,2).
tarefa(419,[488,489,490,491,492,493,494],4,2).
tarefa(420,[484,485,486,487],12,5).
tarefa(421,[805,806,807,808],62,5).
tarefa(422,[530,531,532,533,534,535,536,537,538],31,4).
tarefa(423,[475,476,477,478,479,480,481,482,483],18,2).
tarefa(424,[1210,1211,1212],11,2).
tarefa(425,[566,567,568],33,5).
tarefa(426,[546,547,548],35,1).
tarefa(427,[511,512,513,514,515],25,4).
tarefa(428,[508,509,510],4,2).
tarefa(429,[495,496,497,498,499],23,1).
tarefa(430,[445,446,447,448,449,450],19,4).
tarefa(431,[438,439,440,441,442,443,444],6,2).
tarefa(432,[944,945,946,947,948,949],15,2).
tarefa(433,[566,567,568],33,1).
tarefa(434,[546,547,548],35,1).
tarefa(435,[530,531,532,533,534,535,536,537,538],32,4).
tarefa(436,[527,528,529],24,5).
tarefa(437,[495,496,497,498,499],23,5).
tarefa(438,[662,663,664,665],53,4).
tarefa(439,[552,553,554,555],30,1).
tarefa(440,[549,550,551],28,1).
tarefa(441,[495,496,497,498,499],17,3).
tarefa(442,[465,466,467,468],18,4).
tarefa(443,[451,452,453,454],10,4).
tarefa(444,[445,446,447,448,449,450],13,3).
tarefa(445,[1168,1169,1170,1171,1172,1173,1174],13,4).
tarefa(446,[579,580,581,582,583],27,1).
tarefa(447,[559,560,561,562],17,5).
tarefa(448,[546,547,548],16,1).
tarefa(449,[523,524,525,526],5,3).
tarefa(450,[516,517,518,519],4,2).
tarefa(451,[1182,1183],14,1).
tarefa(452,[556,557,558],21,2).
tarefa(453,[549,550,551],18,1).
tarefa(454,[455,456,457,458],5,4).
tarefa(455,[1420,1421],11,4).
tarefa(456,[569,570,571,572,573,574],9,1).
tarefa(457,[563,564,565],20,1).
tarefa(458,[465,466,467,468],3,3).
tarefa(459,[925,926,927,928,929,930,931,932,933],15,4).
tarefa(460,[575,576,577,578],38,3).
tarefa(461,[563,564,565],41,3).
tarefa(462,[530,531,532,533,534,535,536,537,538],32,2).
tarefa(463,[527,528,529],24,1).
tarefa(464,[465,466,467,468],24,1).
tarefa(465,[755,756,757,758,759,760],12,5).
tarefa(466,[597,598,599],16,3).
tarefa(467,[539,540,541,542,543,544,545],2,2).
tarefa(468,[505,506,507],1,3).
tarefa(469,[823,824,825,826,827,828],11,5).
tarefa(470,[563,564,565],25,1).
tarefa(471,[539,540,541,542,543,544,545],10,2).
tarefa(472,[530,531,532,533,534,535,536,537,538],16,3).
tarefa(473,[527,528,529],8,4).
tarefa(474,[475,476,477,478,479,480,481,482,483],3,3).
tarefa(475,[1004,1005,1006],13,1).
tarefa(476,[539,540,541,542,543,544,545],7,5).
tarefa(477,[530,531,532,533,534,535,536,537,538],13,1).
tarefa(478,[527,528,529],5,4).
tarefa(479,[523,524,525,526],5,1).
tarefa(480,[520,521,522],9,2).
tarefa(481,[516,517,518,519],4,5).
tarefa(482,[495,496,497,498,499],4,5).
tarefa(483,[484,485,486,487],3,1).
tarefa(484,[1043,1044,1045],15,5).
tarefa(485,[575,576,577,578],16,4).
tarefa(486,[511,512,513,514,515],3,5).
tarefa(487,[500,501,502,503,504],4,2).
tarefa(488,[1043,1044,1045],13,2).
tarefa(489,[615,616,617],5,5).
tarefa(490,[610,611,612,613,614],37,1).
tarefa(491,[606,607,608,609],25,4).
tarefa(492,[600,601,602,603,604,605],28,3).
tarefa(493,[546,547,548],21,1).
tarefa(494,[505,506,507],11,2).
tarefa(495,[944,945,946,947,948,949],13,1).
tarefa(496,[587,588,589,590,591,592],22,3).
tarefa(497,[552,553,554,555],13,3).
tarefa(498,[505,506,507],2,5).
tarefa(499,[500,501,502,503,504],3,4).
tarefa(500,[1201,1202,1203,1204],13,2).
tarefa(501,[606,607,608,609],13,2).
tarefa(502,[597,598,599],14,2).
tarefa(503,[546,547,548],9,2).
tarefa(504,[520,521,522],2,2).
tarefa(505,[639,640,641,642,643],14,4).
tarefa(506,[600,601,602,603,604,605],17,2).
tarefa(507,[520,521,522],3,2).
tarefa(508,[1043,1044,1045],11,1).
tarefa(509,[587,588,589,590,591,592],41,1).
tarefa(510,[559,560,561,562],32,1).
tarefa(511,[1344,1345,1346,1347,1348,1349],12,4).
tarefa(512,[579,580,581,582,583],21,4).
tarefa(513,[569,570,571,572,573,574],5,3).
tarefa(514,[559,560,561,562],11,1).
tarefa(515,[530,531,532,533,534,535,536,537,538],7,2).
tarefa(516,[1279,1280,1281,1282],13,4).
tarefa(517,[606,607,608,609],16,5).
tarefa(518,[530,531,532,533,534,535,536,537,538],9,4).
tarefa(519,[523,524,525,526],1,3).
tarefa(520,[801,802,803,804],63,3).
tarefa(521,[584,585,586],7,1).
tarefa(522,[530,531,532,533,534,535,536,537,538],4,2).
tarefa(523,[552,553,554,555],12,3).
tarefa(524,[658,659,660,661],41,2).
tarefa(525,[552,553,554,555],12,2).
tarefa(526,[546,547,548],11,1).
tarefa(527,[1313,1314,1315,1316,1317,1318],14,5).
tarefa(528,[593,594,595,596],23,2).
tarefa(529,[575,576,577,578],14,3).
tarefa(530,[1283,1284,1285,1286,1287],15,2).
tarefa(531,[658,659,660,661],33,4).
tarefa(532,[644,645,646,647,648,649],22,5).
tarefa(533,[625,626,627,628,629,630],17,4).
tarefa(534,[566,567,568],1,2).
tarefa(535,[559,560,561,562],4,2).
tarefa(536,[556,557,558],5,1).
tarefa(537,[549,550,551],2,1).
tarefa(538,[546,547,548],3,2).
tarefa(539,[1126,1127,1128],14,1).
tarefa(540,[666,667,668,669],27,4).
tarefa(541,[662,663,664,665],33,2).
tarefa(542,[618,619,620,621,622,623,624],22,1).
tarefa(543,[584,585,586],9,2).
tarefa(544,[563,564,565],15,5).
tarefa(545,[552,553,554,555],10,1).
tarefa(546,[1395,1396,1397,1398,1399],14,3).
tarefa(547,[639,640,641,642,643],4,2).
tarefa(548,[636,637,638],27,4).
tarefa(549,[1168,1169,1170,1171,1172,1173,1174],11,1).
tarefa(550,[587,588,589,590,591,592],11,5).
tarefa(551,[563,564,565],7,3).
tarefa(552,[783,784],11,5).
tarefa(553,[677,678,679,680,681,682,683,684],41,2).
tarefa(554,[666,667,668,669],17,2).
tarefa(555,[575,576,577,578],2,2).
tarefa(556,[842,843,844,845,846,847,848,849],11,2).
tarefa(557,[650,651,652,653,654,655,656,657],27,3).
tarefa(558,[600,601,602,603,604,605],5,1).
tarefa(559,[776,777,778,779,780,781,782],15,5).
tarefa(560,[600,601,602,603,604,605],6,2).
tarefa(561,[593,594,595,596],11,1).
tarefa(562,[563,564,565],5,4).
tarefa(563,[1425],12,2).
tarefa(564,[587,588,589,590,591,592],4,5).
tarefa(565,[579,580,581,582,583],5,4).
tarefa(566,[618,619,620,621,622,623,624],15,4).
tarefa(567,[670,671,672,673,674,675,676],19,5).
tarefa(568,[579,580,581,582,583],13,1).
tarefa(569,[1050,1051,1052,1053,1054,1055,1056,1057,1058],12,3).
tarefa(570,[717,718,719,720],53,5).
tarefa(571,[705,706,707,708],20,4).
tarefa(572,[677,678,679,680,681,682,683,684],47,5).
tarefa(573,[587,588,589,590,591,592],15,1).
tarefa(574,[584,585,586],5,4).
tarefa(575,[976,977,978,979,980,981,982,983,984,985],11,4).
tarefa(576,[636,637,638],24,5).
tarefa(577,[625,626,627,628,629,630],11,5).
tarefa(578,[606,607,608,609],1,3).
tarefa(579,[920,921,922,923,924],12,1).
tarefa(580,[705,706,707,708],4,5).
tarefa(581,[677,678,679,680,681,682,683,684],31,1).
tarefa(582,[658,659,660,661],19,2).
tarefa(583,[625,626,627,628,629,630],3,1).
tarefa(584,[1380],11,4).
tarefa(585,[650,651,652,653,654,655,656,657],29,4).
tarefa(586,[597,598,599],5,1).
tarefa(587,[1358,1359,1360,1361,1362,1363,1364],14,2).
tarefa(588,[705,706,707,708],5,3).
tarefa(589,[699,700,701,702,703,704],10,5).
tarefa(590,[662,663,664,665],14,2).
tarefa(591,[636,637,638],17,3).
tarefa(592,[593,594,595,596],2,1).
tarefa(593,[1387,1388,1389],14,1).
tarefa(594,[730,731,732,733],33,1).
tarefa(595,[699,700,701,702,703,704],8,1).
tarefa(596,[610,611,612,613,614],4,3).
tarefa(597,[1004,1005,1006],11,1).
tarefa(598,[705,706,707,708],10,3).
tarefa(599,[658,659,660,661],25,3).
tarefa(600,[1031,1032,1033,1034,1035],15,5).
tarefa(601,[717,718,719,720],41,3).
tarefa(602,[711,712,713,714,715,716],30,1).
tarefa(603,[709,710],27,4).
tarefa(604,[662,663,664,665],17,5).
tarefa(605,[618,619,620,621,622,623,624],6,5).
tarefa(606,[755,756,757,758,759,760],14,5).
tarefa(607,[745,746,747,748,749,750,751],3,5).
tarefa(608,[666,667,668,669],14,2).
tarefa(609,[662,663,664,665],20,1).
tarefa(610,[1007,1008,1009],14,5).
tarefa(611,[734,735,736,737,738],36,4).
tarefa(612,[724,725,726,727,728,729],46,4).
tarefa(613,[709,710],18,1).
tarefa(614,[666,667,668,669],2,5).
tarefa(615,[734,735,736,737,738],11,1).
tarefa(616,[670,671,672,673,674,675,676],33,3).
tarefa(617,[631,632,633,634,635],5,2).
tarefa(618,[883,884,885,886],14,4).
tarefa(619,[734,735,736,737,738],39,4).
tarefa(620,[717,718,719,720],35,4).
tarefa(621,[685,686,687,688,689,690,691,692],6,2).
tarefa(622,[677,678,679,680,681,682,683,684],29,2).
tarefa(623,[670,671,672,673,674,675,676],4,5).
tarefa(624,[636,637,638],14,2).
tarefa(625,[636,637,638],13,3).
tarefa(626,[745,746,747,748,749,750,751],1,4).
tarefa(627,[705,706,707,708],1,5).
tarefa(628,[677,678,679,680,681,682,683,684],28,3).
tarefa(629,[644,645,646,647,648,649],5,1).
tarefa(630,[636,637,638],13,1).
tarefa(631,[1297,1298,1299,1300,1301,1302,1303],13,3).
tarefa(632,[734,735,736,737,738],4,5).
tarefa(633,[724,725,726,727,728,729],2,5).
tarefa(634,[709,710],45,5).
tarefa(635,[639,640,641,642,643],15,5).
tarefa(636,[1082,1083,1084,1085,1086,1087],14,3).
tarefa(637,[745,746,747,748,749,750,751],39,5).
tarefa(638,[650,651,652,653,654,655,656,657],2,1).
tarefa(639,[912,913,914,915],15,1).
tarefa(640,[755,756,757,758,759,760],4,2).
tarefa(641,[752,753,754],43,2).
tarefa(642,[709,710],30,1).
tarefa(643,[658,659,660,661],26,5).
tarefa(644,[956,957,958],13,2).
tarefa(645,[764,765,766,767],13,4).
tarefa(646,[755,756,757,758,759,760],51,4).
tarefa(647,[752,753,754],28,4).
tarefa(648,[662,663,664,665],5,5).
tarefa(649,[650,651,652,653,654,655,656,657],10,5).
tarefa(650,[1194,1195,1196],5,4).
tarefa(651,[1129,1130],11,5).
tarefa(652,[761,762,763],39,1).
tarefa(653,[755,756,757,758,759,760],41,2).
tarefa(654,[724,725,726,727,728,729],33,3).
tarefa(655,[709,710],5,5).
tarefa(656,[677,678,679,680,681,682,683,684],13,1).
tarefa(657,[658,659,660,661],1,2).
tarefa(658,[677,678,679,680,681,682,683,684],12,5).
tarefa(659,[764,765,766,767],2,2).
tarefa(660,[724,725,726,727,728,729],32,1).
tarefa(661,[721,722,723],19,4).
tarefa(662,[1372,1373,1374],12,3).
tarefa(663,[772,773,774,775],2,3).
tarefa(664,[734,735,736,737,738],28,2).
tarefa(665,[721,722,723],25,5).
tarefa(666,[1182,1183],12,3).
tarefa(667,[783,784],3,3).
tarefa(668,[772,773,774,775],8,1).
tarefa(669,[768,769,770,771],53,5).
tarefa(670,[768,769,770,771],54,1).
tarefa(671,[776,777,778,779,780,781,782],2,3).
tarefa(672,[752,753,754],30,3).
tarefa(673,[739,740,741,742,743,744],50,5).
tarefa(674,[730,731,732,733],28,3).
tarefa(675,[699,700,701,702,703,704],3,2).
tarefa(676,[685,686,687,688,689,690,691,692],2,4).
tarefa(677,[1018,1019,1020,1021,1022,1023],13,3).
tarefa(678,[796,797,798,799,800],29,5).
tarefa(679,[792,793,794,795],28,5).
tarefa(680,[752,753,754],5,4).
tarefa(681,[730,731,732,733],3,4).
tarefa(682,[721,722,723],7,3).
tarefa(683,[717,718,719,720],6,2).
tarefa(684,[693,694,695,696,697,698],4,3).
tarefa(685,[883,884,885,886],62,2).
tarefa(686,[818,819,820,821,822],54,2).
tarefa(687,[809,810,811,812,813,814,815,816,817],3,3).
tarefa(688,[801,802,803,804],37,2).
tarefa(689,[752,753,754],28,1).
tarefa(690,[745,746,747,748,749,750,751],47,1).
tarefa(691,[717,718,719,720],29,5).
tarefa(692,[693,694,695,696,697,698],27,1).
tarefa(693,[1024,1025,1026,1027,1028,1029,1030],12,2).
tarefa(694,[796,797,798,799,800],25,3).
tarefa(695,[785,786,787,788,789,790,791],26,4).
tarefa(696,[752,753,754],1,3).
tarefa(697,[721,722,723],3,3).
tarefa(698,[717,718,719,720],2,5).
tarefa(699,[796,797,798,799,800],51,2).
tarefa(700,[818,819,820,821,822],53,4).
tarefa(701,[768,769,770,771],51,3).
tarefa(702,[755,756,757,758,759,760],50,2).
tarefa(703,[745,746,747,748,749,750,751],46,1).
tarefa(704,[709,710],14,4).
tarefa(705,[1255,1256,1257,1258,1259,1260,1261,1262],12,5).
tarefa(706,[730,731,732,733],30,5).
tarefa(707,[717,718,719,720],33,5).
tarefa(708,[711,712,713,714,715,716],22,2).
tarefa(709,[1387,1388,1389],15,1).
tarefa(710,[711,712,713,714,715,716],3,2).
tarefa(711,[836,837,838,839,840,841],54,4).
tarefa(712,[836,837,838,839,840,841],3,3).
tarefa(713,[768,769,770,771],34,2).
tarefa(714,[761,762,763],31,5).
tarefa(715,[739,740,741,742,743,744],30,1).
tarefa(716,[724,725,726,727,728,729],25,1).
tarefa(717,[829,830],30,4).
tarefa(718,[818,819,820,821,822],25,5).
tarefa(719,[768,769,770,771],23,1).
tarefa(720,[734,735,736,737,738],4,4).
tarefa(721,[724,725,726,727,728,729],13,2).
tarefa(722,[734,735,736,737,738],3,2).
tarefa(723,[724,725,726,727,728,729],13,3).
tarefa(724,[1390],12,2).
tarefa(725,[866,867,868,869,870,871],36,5).
tarefa(726,[831,832,833,834,835],15,2).
tarefa(727,[829,830],16,5).
tarefa(728,[785,786,787,788,789,790,791],10,1).
tarefa(729,[745,746,747,748,749,750,751],4,2).
tarefa(730,[905,906,907,908,909,910,911],11,2).
tarefa(731,[818,819,820,821,822],28,3).
tarefa(732,[745,746,747,748,749,750,751],21,4).
tarefa(733,[734,735,736,737,738],7,4).
tarefa(734,[739,740,741,742,743,744],15,3).
tarefa(735,[836,837,838,839,840,841],39,1).
tarefa(736,[801,802,803,804],4,4).
tarefa(737,[745,746,747,748,749,750,751],14,2).
tarefa(738,[739,740,741,742,743,744],15,5).
tarefa(739,[956,957,958],58,2).
tarefa(740,[850,851,852,853],9,5).
tarefa(741,[796,797,798,799,800],4,2).
tarefa(742,[785,786,787,788,789,790,791],5,5).
tarefa(743,[761,762,763],1,2).
tarefa(744,[755,756,757,758,759,760],3,2).
tarefa(745,[1015,1016,1017],15,1).
tarefa(746,[858,859,860],13,3).
tarefa(747,[854,855,856,857],28,5).
tarefa(748,[842,843,844,845,846,847,848,849],29,1).
tarefa(749,[829,830],12,5).
tarefa(750,[796,797,798,799,800],5,4).
tarefa(751,[785,786,787,788,789,790,791],6,2).
tarefa(752,[1191,1192,1193],13,3).
tarefa(753,[887,888,889,890,891,892,893],1,5).
tarefa(754,[858,859,860],32,5).
tarefa(755,[1425],15,3).
tarefa(756,[883,884,885,886],11,1).
tarefa(757,[850,851,852,853],6,2).
tarefa(758,[829,830],8,2).
tarefa(759,[809,810,811,812,813,814,815,816,817],5,1).
tarefa(760,[768,769,770,771],1,3).
tarefa(761,[1059,1060,1061,1062,1063,1064,1065,1066,1067,1068],15,3).
tarefa(762,[792,793,794,795],2,3).
tarefa(763,[776,777,778,779,780,781,782],2,5).
tarefa(764,[925,926,927,928,929,930,931,932,933],15,5).
tarefa(765,[887,888,889,890,891,892,893],5,3).
tarefa(766,[866,867,868,869,870,871],3,3).
tarefa(767,[823,824,825,826,827,828],45,3).
tarefa(768,[1088,1089,1090,1091],11,1).
tarefa(769,[887,888,889,890,891,892,893],44,5).
tarefa(770,[877,878,879,880,881,882],30,1).
tarefa(771,[831,832,833,834,835],6,3).
tarefa(772,[1187,1188,1189,1190],11,2).
tarefa(773,[831,832,833,834,835],51,2).
tarefa(774,[805,806,807,808],2,1).
tarefa(775,[785,786,787,788,789,790,791],46,5).
tarefa(776,[956,957,958],55,3).
tarefa(777,[920,921,922,923,924],49,5).
tarefa(778,[887,888,889,890,891,892,893],45,2).
tarefa(779,[872,873,874,875,876],9,1).
tarefa(780,[861,862,863,864,865],35,3).
tarefa(781,[836,837,838,839,840,841],21,4).
tarefa(782,[783,784],2,5).
tarefa(783,[1426,1427],14,5).
tarefa(784,[858,859,860],7,4).
tarefa(785,[1201,1202,1203,1204],13,1).
tarefa(786,[866,867,868,869,870,871],26,2).
tarefa(787,[858,859,860],7,1).
tarefa(788,[854,855,856,857],22,2).
tarefa(789,[850,851,852,853],4,2).
tarefa(790,[831,832,833,834,835],5,2).
tarefa(791,[823,824,825,826,827,828],5,1).
tarefa(792,[1338,1339,1340,1341,1342,1343],11,2).
tarefa(793,[920,921,922,923,924],49,3).
tarefa(794,[854,855,856,857],24,1).
tarefa(795,[818,819,820,821,822],3,4).
tarefa(796,[1330,1331,1332,1333,1334,1335,1336,1337],12,1).
tarefa(797,[905,906,907,908,909,910,911],5,4).
tarefa(798,[898,899,900,901,902,903,904],45,3).
tarefa(799,[836,837,838,839,840,841],20,5).
tarefa(800,[829,830],7,2).
tarefa(801,[829,830],22,4).
tarefa(802,[920,921,922,923,924],2,2).
tarefa(803,[866,867,868,869,870,871],42,1).
tarefa(804,[861,862,863,864,865],49,4).
tarefa(805,[1131,1132,1133,1134,1135],12,1).
tarefa(806,[959,960,961,962,963,964,965],1,5).
tarefa(807,[950,951,952,953,954,955],2,3).
tarefa(808,[823,824,825,826,827,828],49,5).
tarefa(809,[1338,1339,1340,1341,1342,1343],14,4).
tarefa(810,[920,921,922,923,924],44,4).
tarefa(811,[916,917,918,919],5,5).
tarefa(812,[898,899,900,901,902,903,904],41,1).
tarefa(813,[887,888,889,890,891,892,893],40,1).
tarefa(814,[883,884,885,886],6,1).
tarefa(815,[866,867,868,869,870,871],23,5).
tarefa(816,[858,859,860],4,5).
tarefa(817,[842,843,844,845,846,847,848,849],20,4).
tarefa(818,[1420,1421],12,4).
tarefa(819,[872,873,874,875,876],6,3).
tarefa(820,[866,867,868,869,870,871],25,3).
tarefa(821,[831,832,833,834,835],4,2).
tarefa(822,[829,830],5,5).
tarefa(823,[836,837,838,839,840,841],14,1).
tarefa(824,[925,926,927,928,929,930,931,932,933],22,1).
tarefa(825,[920,921,922,923,924],42,1).
tarefa(826,[883,884,885,886],4,4).
tarefa(827,[872,873,874,875,876],2,2).
tarefa(828,[829,830],1,3).
tarefa(829,[996,997,998,999],45,2).
tarefa(830,[937,938,939,940,941,942,943],42,3).
tarefa(831,[956,957,958],48,2).
tarefa(832,[969,970,971,972,973],3,5).
tarefa(833,[950,951,952,953,954,955],1,4).
tarefa(834,[887,888,889,890,891,892,893],38,2).
tarefa(835,[858,859,860],2,4).
tarefa(836,[1255,1256,1257,1258,1259,1260,1261,1262],12,1).
tarefa(837,[925,926,927,928,929,930,931,932,933],8,4).
tarefa(838,[905,906,907,908,909,910,911],30,2).
tarefa(839,[894,895,896,897],4,5).
tarefa(840,[854,855,856,857],3,4).
tarefa(841,[842,843,844,845,846,847,848,849],4,5).
tarefa(842,[1184,1185,1186],13,2).
tarefa(843,[969,970,971,972,973],42,1).
tarefa(844,[966,967,968],34,5).
tarefa(845,[956,957,958],30,5).
tarefa(846,[950,951,952,953,954,955],36,1).
tarefa(847,[905,906,907,908,909,910,911],26,1).
tarefa(848,[898,899,900,901,902,903,904],21,1).
tarefa(849,[866,867,868,869,870,871],3,4).
tarefa(850,[1082,1083,1084,1085,1086,1087],13,3).
tarefa(851,[974,975],46,4).
tarefa(852,[925,926,927,928,929,930,931,932,933],23,3).
tarefa(853,[858,859,860],3,5).
tarefa(854,[861,862,863,864,865],11,4).
tarefa(855,[996,997,998,999],29,4).
tarefa(856,[986,987,988,989,990,991],43,1).
tarefa(857,[969,970,971,972,973],43,1).
tarefa(858,[1330,1331,1332,1333,1334,1335,1336,1337],14,1).
tarefa(859,[912,913,914,915],39,2).
tarefa(860,[887,888,889,890,891,892,893],36,3).
tarefa(861,[1269,1270,1271,1272,1273],11,1).
tarefa(862,[976,977,978,979,980,981,982,983,984,985],19,3).
tarefa(863,[959,960,961,962,963,964,965],14,4).
tarefa(864,[937,938,939,940,941,942,943],15,4).
tarefa(865,[920,921,922,923,924],14,3).
tarefa(866,[1219,1220,1221,1222],12,2).
tarefa(867,[992,993,994,995],34,5).
tarefa(868,[976,977,978,979,980,981,982,983,984,985],26,1).
tarefa(869,[969,970,971,972,973],39,1).
tarefa(870,[925,926,927,928,929,930,931,932,933],1,4).
tarefa(871,[877,878,879,880,881,882],3,3).
tarefa(872,[1283,1284,1285,1286,1287],13,4).
tarefa(873,[974,975],43,4).
tarefa(874,[959,960,961,962,963,964,965],40,5).
tarefa(875,[934,935,936],21,1).
tarefa(876,[925,926,927,928,929,930,931,932,933],20,3).
tarefa(877,[887,888,889,890,891,892,893],14,5).
tarefa(878,[992,993,994,995],31,1).
tarefa(879,[956,957,958],24,5).
tarefa(880,[950,951,952,953,954,955],30,4).
tarefa(881,[944,945,946,947,948,949],24,1).
tarefa(882,[898,899,900,901,902,903,904],15,1).
tarefa(883,[1145,1146,1147,1148],12,4).
tarefa(884,[996,997,998,999],42,1).
tarefa(885,[992,993,994,995],51,1).
tarefa(886,[894,895,896,897],14,5).
tarefa(887,[1184,1185,1186],12,1).
tarefa(888,[1007,1008,1009],21,2).
tarefa(889,[976,977,978,979,980,981,982,983,984,985],9,2).
tarefa(890,[966,967,968],14,2).
tarefa(891,[959,960,961,962,963,964,965],4,2).
tarefa(892,[920,921,922,923,924],4,5).
tarefa(893,[898,899,900,901,902,903,904],1,4).
tarefa(894,[1012,1013,1014],35,5).
tarefa(895,[974,975],27,3).
tarefa(896,[959,960,961,962,963,964,965],24,5).
tarefa(897,[950,951,952,953,954,955],36,4).
tarefa(898,[950,951,952,953,954,955],15,1).
tarefa(899,[1012,1013,1014],14,3).
tarefa(900,[1004,1005,1006],16,1).
tarefa(901,[950,951,952,953,954,955],15,4).
tarefa(902,[937,938,939,940,941,942,943],4,5).
tarefa(903,[912,913,914,915],2,3).
tarefa(904,[905,906,907,908,909,910,911],5,1).
tarefa(905,[1210,1211,1212],14,1).
tarefa(906,[1012,1013,1014],9,3).
tarefa(907,[1007,1008,1009],15,1).
tarefa(908,[1004,1005,1006],11,3).
tarefa(909,[976,977,978,979,980,981,982,983,984,985],3,2).
tarefa(910,[974,975],1,4).
tarefa(911,[956,957,958],4,3).
tarefa(912,[1344,1345,1346,1347,1348,1349],11,4).
tarefa(913,[1018,1019,1020,1021,1022,1023],21,5).
tarefa(914,[1012,1013,1014],12,1).
tarefa(915,[969,970,971,972,973],19,4).
tarefa(916,[1145,1146,1147,1148],15,4).
tarefa(917,[1015,1016,1017],4,4).
tarefa(918,[992,993,994,995],52,2).
tarefa(919,[937,938,939,940,941,942,943],40,1).
tarefa(920,[1131,1132,1133,1134,1135],62,1).
tarefa(921,[1046,1047,1048,1049],18,4).
tarefa(922,[1015,1016,1017],22,1).
tarefa(923,[996,997,998,999],4,5).
tarefa(924,[976,977,978,979,980,981,982,983,984,985],5,3).
tarefa(925,[1036,1037,1038,1039,1040,1041,1042],14,2).
tarefa(926,[1036,1037,1038,1039,1040,1041,1042],5,2).
tarefa(927,[1031,1032,1033,1034,1035],1,2).
tarefa(928,[1007,1008,1009],37,2).
tarefa(929,[986,987,988,989,990,991],38,5).
tarefa(930,[959,960,961,962,963,964,965],20,5).
tarefa(931,[956,957,958],26,2).
tarefa(932,[950,951,952,953,954,955],32,5).
tarefa(933,[934,935,936],1,3).
tarefa(934,[1036,1037,1038,1039,1040,1041,1042],11,4).
tarefa(935,[1024,1025,1026,1027,1028,1029,1030],1,5).
tarefa(936,[996,997,998,999],23,5).
tarefa(937,[1154,1155,1156,1157,1158,1159],61,5).
tarefa(938,[1036,1037,1038,1039,1040,1041,1042],48,4).
tarefa(939,[1004,1005,1006],12,2).
tarefa(940,[1000,1001,1002,1003],15,1).
tarefa(941,[996,997,998,999],3,4).
tarefa(942,[986,987,988,989,990,991],17,3).
tarefa(943,[944,945,946,947,948,949],5,5).
tarefa(944,[969,970,971,972,973],12,4).
tarefa(945,[1059,1060,1061,1062,1063,1064,1065,1066,1067,1068],48,5).
tarefa(946,[1036,1037,1038,1039,1040,1041,1042],43,4).
tarefa(947,[1007,1008,1009],11,2).
tarefa(948,[1000,1001,1002,1003],10,3).
tarefa(949,[966,967,968],4,4).
tarefa(950,[1293,1294,1295,1296],14,4).
tarefa(951,[1043,1044,1045],42,5).
tarefa(952,[1010,1011],4,5).
tarefa(953,[1007,1008,1009],5,5).
tarefa(954,[1004,1005,1006],1,2).
tarefa(955,[1000,1001,1002,1003],4,2).
tarefa(956,[1219,1220,1221,1222],13,3).
tarefa(957,[1059,1060,1061,1062,1063,1064,1065,1066,1067,1068],48,4).
tarefa(958,[1007,1008,1009],11,5).
tarefa(959,[992,993,994,995],13,4).
tarefa(960,[1104,1105,1106,1107],52,5).
tarefa(961,[1024,1025,1026,1027,1028,1029,1030],36,1).
tarefa(962,[1018,1019,1020,1021,1022,1023],20,2).
tarefa(963,[1015,1016,1017],22,4).
tarefa(964,[1004,1005,1006],13,5).
tarefa(965,[969,970,971,972,973],18,2).
tarefa(966,[1297,1298,1299,1300,1301,1302,1303],15,5).
tarefa(967,[1012,1013,1014],1,3).
tarefa(968,[986,987,988,989,990,991],8,5).
tarefa(969,[1319,1320,1321,1322],14,5).
tarefa(970,[1100,1101,1102,1103],47,5).
tarefa(971,[1088,1089,1090,1091],43,2).
tarefa(972,[1078,1079,1080,1081],41,5).
tarefa(973,[1015,1016,1017],4,2).
tarefa(974,[986,987,988,989,990,991],15,3).
tarefa(975,[1024,1025,1026,1027,1028,1029,1030],33,1).
tarefa(976,[1232,1233,1234,1235],13,5).
tarefa(977,[1120,1121,1122,1123,1124,1125],5,3).
tarefa(978,[1115,1116,1117,1118,1119],2,4).
tarefa(979,[1088,1089,1090,1091],3,2).
tarefa(980,[1082,1083,1084,1085,1086,1087],53,1).
tarefa(981,[1046,1047,1048,1049],13,2).
tarefa(982,[1031,1032,1033,1034,1035],36,5).
tarefa(983,[1024,1025,1026,1027,1028,1029,1030],31,1).
tarefa(984,[1018,1019,1020,1021,1022,1023],15,2).
tarefa(985,[1015,1016,1017],17,3).
tarefa(986,[1082,1083,1084,1085,1086,1087],40,4).
tarefa(987,[1104,1105,1106,1107],34,4).
tarefa(988,[1100,1101,1102,1103],47,1).
tarefa(989,[1088,1089,1090,1091],43,3).
tarefa(990,[1043,1044,1045],36,3).
tarefa(991,[1018,1019,1020,1021,1022,1023],2,5).
tarefa(992,[1403,1404,1405,1406],11,2).
tarefa(993,[1115,1116,1117,1118,1119],46,1).
tarefa(994,[1078,1079,1080,1081],46,2).
tarefa(995,[1043,1044,1045],41,3).
tarefa(996,[],14,4).
tarefa(997,[1100,1101,1102,1103],3,3).
tarefa(998,[1069,1070,1071,1072,1073,1074,1075,1076,1077],2,2).
tarefa(999,[1046,1047,1048,1049],14,2).
tarefa(1000,[1279,1280,1281,1282],11,1).
tarefa(1001,[1046,1047,1048,1049],2,2).
tarefa(1002,[1031,1032,1033,1034,1035],25,4).
tarefa(1003,[1007,1008,1009],1,4).
tarefa(1004,[1306,1307,1308,1309,1310,1311,1312],11,1).
tarefa(1005,[1145,1146,1147,1148],2,1).
tarefa(1006,[1108,1109,1110],45,5).
tarefa(1007,[1129,1130],47,5).
tarefa(1008,[1050,1051,1052,1053,1054,1055,1056,1057,1058],39,3).
tarefa(1009,[1015,1016,1017],5,5).
tarefa(1010,[1197,1198,1199,1200],13,1).
tarefa(1011,[1126,1127,1128],1,3).
tarefa(1012,[1100,1101,1102,1103],54,5).
tarefa(1013,[1131,1132,1133,1134,1135],51,3).
tarefa(1014,[1092,1093,1094,1095,1096,1097,1098,1099],1,5).
tarefa(1015,[1024,1025,1026,1027,1028,1029,1030],14,3).
tarefa(1016,[1088,1089,1090,1091],39,3).
tarefa(1017,[1078,1079,1080,1081],37,4).
tarefa(1018,[1422,1423],14,2).
tarefa(1019,[1149,1150,1151,1152,1153],1,4).
tarefa(1020,[1129,1130],44,3).
tarefa(1021,[1120,1121,1122,1123,1124,1125],52,2).
tarefa(1022,[1031,1032,1033,1034,1035],21,2).
tarefa(1023,[1024,1025,1026,1027,1028,1029,1030],16,4).
tarefa(1024,[1036,1037,1038,1039,1040,1041,1042],13,2).
tarefa(1025,[1160,1161,1162,1163,1164,1165,1166,1167],32,1).
tarefa(1026,[1131,1132,1133,1134,1135],26,2).
tarefa(1027,[1120,1121,1122,1123,1124,1125],36,1).
tarefa(1028,[1100,1101,1102,1103],29,5).
tarefa(1029,[1059,1060,1061,1062,1063,1064,1065,1066,1067,1068],18,5).
tarefa(1030,[1031,1032,1033,1034,1035],5,5).
tarefa(1031,[1168,1169,1170,1171,1172,1173,1174],32,5).
tarefa(1032,[1108,1109,1110],17,1).
tarefa(1033,[1104,1105,1106,1107],11,1).
tarefa(1034,[1043,1044,1045],13,2).
tarefa(1035,[1036,1037,1038,1039,1040,1041,1042],8,5).
tarefa(1036,[1403,1404,1405,1406],15,1).
tarefa(1037,[1149,1150,1151,1152,1153],27,4).
tarefa(1038,[1120,1121,1122,1123,1124,1125],23,4).
tarefa(1039,[1104,1105,1106,1107],3,3).
tarefa(1040,[1100,1101,1102,1103],16,4).
tarefa(1041,[1059,1060,1061,1062,1063,1064,1065,1066,1067,1068],5,1).
tarefa(1042,[1043,1044,1045],5,3).
tarefa(1043,[1092,1093,1094,1095,1096,1097,1098,1099],13,1).
tarefa(1044,[1115,1116,1117,1118,1119],5,5).
tarefa(1045,[1050,1051,1052,1053,1054,1055,1056,1057,1058],2,1).
tarefa(1046,[1126,1127,1128],58,4).
tarefa(1047,[1182,1183],5,1).
tarefa(1048,[1175,1176,1177,1178,1179,1180,1181],1,5).
tarefa(1049,[1149,1150,1151,1152,1153],2,4).
tarefa(1050,[1432],15,5).
tarefa(1051,[1154,1155,1156,1157,1158,1159],6,2).
tarefa(1052,[1145,1146,1147,1148],14,3).
tarefa(1053,[1120,1121,1122,1123,1124,1125],16,4).
tarefa(1054,[1115,1116,1117,1118,1119],3,5).
tarefa(1055,[1108,1109,1110],2,1).
tarefa(1056,[1092,1093,1094,1095,1096,1097,1098,1099],11,2).
tarefa(1057,[1088,1089,1090,1091],5,1).
tarefa(1058,[1069,1070,1071,1072,1073,1074,1075,1076,1077],5,4).
tarefa(1059,[1136,1137,1138,1139,1140],11,2).
tarefa(1060,[1182,1183],24,5).
tarefa(1061,[1168,1169,1170,1171,1172,1173,1174],19,5).
tarefa(1062,[1145,1146,1147,1148],16,1).
tarefa(1063,[1131,1132,1133,1134,1135],8,5).
tarefa(1064,[1120,1121,1122,1123,1124,1125],18,1).
tarefa(1065,[1100,1101,1102,1103],11,3).
tarefa(1066,[1082,1083,1084,1085,1086,1087],4,4).
tarefa(1067,[1078,1079,1080,1081],5,1).
tarefa(1068,[1069,1070,1071,1072,1073,1074,1075,1076,1077],7,5).
tarefa(1069,[1274,1275,1276,1277,1278],59,1).
tarefa(1070,[1182,1183],17,2).
tarefa(1071,[1168,1169,1170,1171,1172,1173,1174],12,4).
tarefa(1072,[1160,1161,1162,1163,1164,1165,1166,1167],7,2).
tarefa(1073,[1136,1137,1138,1139,1140],4,5).
tarefa(1074,[1129,1130],3,1).
tarefa(1075,[1126,1127,1128],15,5).
tarefa(1076,[1120,1121,1122,1123,1124,1125],11,1).
tarefa(1077,[1092,1093,1094,1095,1096,1097,1098,1099],6,3).
tarefa(1078,[1292],59,5).
tarefa(1079,[1175,1176,1177,1178,1179,1180,1181],22,5).
tarefa(1080,[1131,1132,1133,1134,1135],3,2).
tarefa(1081,[1100,1101,1102,1103],6,5).
tarefa(1082,[1182,1183],20,1).
tarefa(1083,[1187,1188,1189,1190],24,3).
tarefa(1084,[1182,1183],20,2).
tarefa(1085,[1136,1137,1138,1139,1140],7,1).
tarefa(1086,[1129,1130],6,5).
tarefa(1087,[1088,1089,1090,1091],3,5).
tarefa(1088,[1313,1314,1315,1316,1317,1318],13,1).
tarefa(1089,[1184,1185,1186],16,3).
tarefa(1090,[1131,1132,1133,1134,1135],1,1).
tarefa(1091,[1100,1101,1102,1103],4,4).
tarefa(1092,[1391,1392,1393,1394],13,4).
tarefa(1093,[1205,1206,1207,1208,1209],4,3).
tarefa(1094,[1191,1192,1193],18,2).
tarefa(1095,[1187,1188,1189,1190],15,2).
tarefa(1096,[1168,1169,1170,1171,1172,1173,1174],6,4).
tarefa(1097,[1149,1150,1151,1152,1153],9,4).
tarefa(1098,[1141,1142,1143,1144],5,3).
tarefa(1099,[1126,1127,1128],9,5).
tarefa(1100,[1297,1298,1299,1300,1301,1302,1303],42,3).
tarefa(1101,[1223,1224,1225,1226,1227,1228],43,4).
tarefa(1102,[1187,1188,1189,1190],17,5).
tarefa(1103,[1145,1146,1147,1148],5,4).
tarefa(1104,[1201,1202,1203,1204],44,2).
tarefa(1105,[1197,1198,1199,1200],30,2).
tarefa(1106,[1168,1169,1170,1171,1172,1173,1174],21,2).
tarefa(1107,[1141,1142,1143,1144],20,1).
tarefa(1108,[1120,1121,1122,1123,1124,1125],14,2).
tarefa(1109,[1236,1237,1238,1239,1240,1241,1242],42,5).
tarefa(1110,[1154,1155,1156,1157,1158,1159],4,4).
tarefa(1111,[1417],15,1).
tarefa(1112,[1210,1211,1212],2,3).
tarefa(1113,[1136,1137,1138,1139,1140],3,3).
tarefa(1114,[1126,1127,1128],3,2).
tarefa(1115,[1375,1376,1377,1378,1379],15,3).
tarefa(1116,[1248,1249,1250,1251,1252,1253,1254],2,2).
tarefa(1117,[1187,1188,1189,1190],23,2).
tarefa(1118,[1184,1185,1186],18,3).
tarefa(1119,[1182,1183],19,2).
tarefa(1120,[1210,1211,1212],15,4).
tarefa(1121,[1232,1233,1234,1235],40,2).
tarefa(1122,[1210,1211,1212],15,1).
tarefa(1123,[1184,1185,1186],5,3).
tarefa(1124,[1168,1169,1170,1171,1172,1173,1174],1,4).
tarefa(1125,[1126,1127,1128],4,2).
tarefa(1126,[1304,1305],50,4).
tarefa(1127,[1184,1185,1186],1,3).
tarefa(1128,[1175,1176,1177,1178,1179,1180,1181],5,1).
tarefa(1129,[1319,1320,1321,1322],15,1).
tarefa(1130,[1255,1256,1257,1258,1259,1260,1261,1262],52,4).
tarefa(1131,[1149,1150,1151,1152,1153],14,3).
tarefa(1132,[1248,1249,1250,1251,1252,1253,1254],52,4).
tarefa(1133,[1229,1230,1231],49,1).
tarefa(1134,[1223,1224,1225,1226,1227,1228],46,5).
tarefa(1135,[1187,1188,1189,1190],20,2).
tarefa(1136,[1236,1237,1238,1239,1240,1241,1242],35,4).
tarefa(1137,[1232,1233,1234,1235],47,5).
tarefa(1138,[1187,1188,1189,1190],17,1).
tarefa(1139,[1175,1176,1177,1178,1179,1180,1181],16,4).
tarefa(1140,[1160,1161,1162,1163,1164,1165,1166,1167],3,5).
tarefa(1141,[1306,1307,1308,1309,1310,1311,1312],62,1).
tarefa(1142,[1236,1237,1238,1239,1240,1241,1242],28,4).
tarefa(1143,[1232,1233,1234,1235],40,3).
tarefa(1144,[1182,1183],6,4).
tarefa(1145,[1243,1244,1245,1246,1247],32,3).
tarefa(1146,[1263,1264,1265,1266,1267,1268],49,2).
tarefa(1147,[1191,1192,1193],15,2).
tarefa(1148,[1182,1183],8,2).
tarefa(1149,[1236,1237,1238,1239,1240,1241,1242],24,4).
tarefa(1150,[1243,1244,1245,1246,1247],26,5).
tarefa(1151,[1201,1202,1203,1204],20,5).
tarefa(1152,[1191,1192,1193],9,3).
tarefa(1153,[1175,1176,1177,1178,1179,1180,1181],5,5).
tarefa(1154,[1306,1307,1308,1309,1310,1311,1312],15,3).
tarefa(1155,[1232,1233,1234,1235],50,4).
tarefa(1156,[1205,1206,1207,1208,1209],9,5).
tarefa(1157,[1201,1202,1203,1204],34,3).
tarefa(1158,[1182,1183],16,1).
tarefa(1159,[1168,1169,1170,1171,1172,1173,1174],11,2).
tarefa(1160,[1381,1382,1383,1384],12,3).
tarefa(1161,[1292],50,3).
tarefa(1162,[1255,1256,1257,1258,1259,1260,1261,1262],48,4).
tarefa(1163,[1236,1237,1238,1239,1240,1241,1242],32,1).
tarefa(1164,[1213,1214,1215,1216,1217,1218],31,1).
tarefa(1165,[1205,1206,1207,1208,1209],3,4).
tarefa(1166,[1184,1185,1186],9,3).
tarefa(1167,[1182,1183],10,1).
tarefa(1168,[1306,1307,1308,1309,1310,1311,1312],61,4).
tarefa(1169,[1269,1270,1271,1272,1273],1,1).
tarefa(1170,[1263,1264,1265,1266,1267,1268],46,4).
tarefa(1171,[1213,1214,1215,1216,1217,1218],26,3).
tarefa(1172,[1201,1202,1203,1204],23,4).
tarefa(1173,[1184,1185,1186],4,4).
tarefa(1174,[1182,1183],5,3).
tarefa(1175,[1385,1386],60,2).
tarefa(1176,[1274,1275,1276,1277,1278],39,5).
tarefa(1177,[1269,1270,1271,1272,1273],45,2).
tarefa(1178,[1213,1214,1215,1216,1217,1218],18,2).
tarefa(1179,[1210,1211,1212],6,4).
tarefa(1180,[1197,1198,1199,1200],1,5).
tarefa(1181,[1187,1188,1189,1190],1,2).
tarefa(1182,[1420,1421],11,3).
tarefa(1183,[1279,1280,1281,1282],39,5).
tarefa(1184,[1380],15,2).
tarefa(1185,[1288,1289,1290,1291],47,2).
tarefa(1186,[1213,1214,1215,1216,1217,1218],22,2).
tarefa(1187,[1201,1202,1203,1204],14,5).
tarefa(1188,[1274,1275,1276,1277,1278],38,5).
tarefa(1189,[1201,1202,1203,1204],14,5).
tarefa(1190,[1191,1192,1193],3,1).
tarefa(1191,[1213,1214,1215,1216,1217,1218],14,3).
tarefa(1192,[1255,1256,1257,1258,1259,1260,1261,1262],31,2).
tarefa(1193,[1201,1202,1203,1204],11,3).
tarefa(1194,[1350,1351,1352,1353,1354,1355,1356,1357],14,3).
tarefa(1195,[1297,1298,1299,1300,1301,1302,1303],1,1).
tarefa(1196,[1292],2,3).
tarefa(1197,[1381,1382,1383,1384],59,2).
tarefa(1198,[1319,1320,1321,1322],51,2).
tarefa(1199,[1269,1270,1271,1272,1273],44,5).
tarefa(1200,[1263,1264,1265,1266,1267,1268],37,4).
tarefa(1201,[1223,1224,1225,1226,1227,1228],12,3).
tarefa(1202,[1330,1331,1332,1333,1334,1335,1336,1337],44,5).
tarefa(1203,[1292],22,5).
tarefa(1204,[1255,1256,1257,1258,1259,1260,1261,1262],20,4).
tarefa(1205,[1431],11,1).
tarefa(1206,[1279,1280,1281,1282],46,3).
tarefa(1207,[1274,1275,1276,1277,1278],49,5).
tarefa(1208,[1219,1220,1221,1222],1,5).
tarefa(1209,[1213,1214,1215,1216,1217,1218],28,5).
tarefa(1210,[1365,1366,1367,1368,1369,1370,1371],11,5).
tarefa(1211,[1313,1314,1315,1316,1317,1318],44,5).
tarefa(1212,[1263,1264,1265,1266,1267,1268],32,2).
tarefa(1213,[1381,1382,1383,1384],42,3).
tarefa(1214,[1344,1345,1346,1347,1348,1349],43,5).
tarefa(1215,[1269,1270,1271,1272,1273],27,5).
tarefa(1216,[1243,1244,1245,1246,1247],3,3).
tarefa(1217,[1236,1237,1238,1239,1240,1241,1242],1,4).
tarefa(1218,[1223,1224,1225,1226,1227,1228],9,1).
tarefa(1219,[1372,1373,1374],13,5).
tarefa(1220,[1288,1289,1290,1291],52,1).
tarefa(1221,[1236,1237,1238,1239,1240,1241,1242],28,4).
tarefa(1222,[1223,1224,1225,1226,1227,1228],36,2).
tarefa(1223,[1274,1275,1276,1277,1278],12,2).
tarefa(1224,[1380],2,1).
tarefa(1225,[1358,1359,1360,1361,1362,1363,1364],37,4).
tarefa(1226,[1338,1339,1340,1341,1342,1343],21,5).
tarefa(1227,[1232,1233,1234,1235],4,2).
tarefa(1228,[1229,1230,1231],3,4).
tarefa(1229,[1372,1373,1374],44,2).
tarefa(1230,[1248,1249,1250,1251,1252,1253,1254],3,4).
tarefa(1231,[1232,1233,1234,1235],1,2).
tarefa(1232,[1428,1429,1430],15,4).
tarefa(1233,[1358,1359,1360,1361,1362,1363,1364],33,1).
tarefa(1234,[1350,1351,1352,1353,1354,1355,1356,1357],26,4).
tarefa(1235,[1292],6,3).
tarefa(1236,[1338,1339,1340,1341,1342,1343],29,2).
tarefa(1237,[1375,1376,1377,1378,1379],50,3).
tarefa(1238,[1365,1366,1367,1368,1369,1370,1371],49,5).
tarefa(1239,[1323,1324,1325,1326,1327,1328,1329],36,2).
tarefa(1240,[1306,1307,1308,1309,1310,1311,1312],34,5).
tarefa(1241,[1292],18,2).
tarefa(1242,[1279,1280,1281,1282],17,3).
tarefa(1243,[1255,1256,1257,1258,1259,1260,1261,1262],14,1).
tarefa(1244,[1319,1320,1321,1322],31,1).
tarefa(1245,[1297,1298,1299,1300,1301,1302,1303],5,5).
tarefa(1246,[1293,1294,1295,1296],23,3).
tarefa(1247,[1255,1256,1257,1258,1259,1260,1261,1262],14,2).
tarefa(1248,[1269,1270,1271,1272,1273],12,3).
tarefa(1249,[1390],37,2).
tarefa(1250,[1372,1373,1374],41,4).
tarefa(1251,[1365,1366,1367,1368,1369,1370,1371],35,5).
tarefa(1252,[1358,1359,1360,1361,1362,1363,1364],31,2).
tarefa(1253,[1330,1331,1332,1333,1334,1335,1336,1337],26,5).
tarefa(1254,[1255,1256,1257,1258,1259,1260,1261,1262],2,1).
tarefa(1255,[1380],47,5).
tarefa(1256,[1344,1345,1346,1347,1348,1349],26,4).
tarefa(1257,[1304,1305],10,4).
tarefa(1258,[1292],2,4).
tarefa(1259,[1288,1289,1290,1291],8,3).
tarefa(1260,[1279,1280,1281,1282],1,4).
tarefa(1261,[1269,1270,1271,1272,1273],10,4).
tarefa(1262,[1263,1264,1265,1266,1267,1268],3,4).
tarefa(1263,[1411],45,5).
tarefa(1264,[1395,1396,1397,1398,1399],50,2).
tarefa(1265,[1372,1373,1374],36,4).
tarefa(1266,[1319,1320,1321,1322],14,2).
tarefa(1267,[1313,1314,1315,1316,1317,1318],12,5).
tarefa(1268,[1288,1289,1290,1291],5,1).
tarefa(1269,[1420,1421],60,5).
tarefa(1270,[1380],37,2).
tarefa(1271,[1338,1339,1340,1341,1342,1343],3,4).
tarefa(1272,[1323,1324,1325,1326,1327,1328,1329],10,2).
tarefa(1273,[1313,1314,1315,1316,1317,1318],5,5).
tarefa(1274,[1306,1307,1308,1309,1310,1311,1312],14,5).
tarefa(1275,[1381,1382,1383,1384],21,3).
tarefa(1276,[1380],43,2).
tarefa(1277,[1350,1351,1352,1353,1354,1355,1356,1357],18,4).
tarefa(1278,[1323,1324,1325,1326,1327,1328,1329],16,2).
tarefa(1279,[1313,1314,1315,1316,1317,1318],14,4).
tarefa(1280,[1411],47,4).
tarefa(1281,[1381,1382,1383,1384],24,1).
tarefa(1282,[1283,1284,1285,1286,1287],5,4).
tarefa(1283,[1407,1408,1409,1410],41,2).
tarefa(1284,[1387,1388,1389],27,2).
tarefa(1285,[1338,1339,1340,1341,1342,1343],7,4).
tarefa(1286,[1330,1331,1332,1333,1334,1335,1336,1337],18,3).
tarefa(1287,[1304,1305],4,2).
tarefa(1288,[1407,1408,1409,1410],39,2).
tarefa(1289,[1417],51,4).
tarefa(1290,[1365,1366,1367,1368,1369,1370,1371],25,4).
tarefa(1291,[1293,1294,1295,1296],1,4).
tarefa(1292,[1381,1382,1383,1384],23,1).
tarefa(1293,[1431],13,2).
tarefa(1294,[1407,1408,1409,1410],38,4).
tarefa(1295,[1365,1366,1367,1368,1369,1370,1371],24,4).
tarefa(1296,[1358,1359,1360,1361,1362,1363,1364],20,5).
tarefa(1297,[1400,1401,1402],47,5).
tarefa(1298,[1420,1421],2,4).
tarefa(1299,[1411],5,3).
tarefa(1300,[1403,1404,1405,1406],52,3).
tarefa(1301,[1395,1396,1397,1398,1399],4,4).
tarefa(1302,[1372,1373,1374],48,4).
tarefa(1303,[1358,1359,1360,1361,1362,1363,1364],38,4).
tarefa(1304,[1417],49,1).
tarefa(1305,[1306,1307,1308,1309,1310,1311,1312],8,2).
tarefa(1306,[1358,1359,1360,1361,1362,1363,1364],11,1).
tarefa(1307,[1424],2,5).
tarefa(1308,[1417],41,3).
tarefa(1309,[1411],30,3).
tarefa(1310,[1403,1404,1405,1406],25,5).
tarefa(1311,[1372,1373,1374],21,2).
tarefa(1312,[1323,1324,1325,1326,1327,1328,1329],2,1).
tarefa(1313,[1426,1427],42,4).
tarefa(1314,[1412,1413,1414,1415,1416],50,4).
tarefa(1315,[1385,1386],10,1).
tarefa(1316,[1380],32,5).
tarefa(1317,[1375,1376,1377,1378,1379],19,1).
tarefa(1318,[1319,1320,1321,1322],2,4).
tarefa(1319,[1403,1404,1405,1406],26,1).
tarefa(1320,[1418,1419],50,1).
tarefa(1321,[1411],31,5).
tarefa(1322,[1380],30,1).
tarefa(1323,[1387,1388,1389],13,3).
tarefa(1324,[1395,1396,1397,1398,1399],33,3).
tarefa(1325,[1385,1386],5,4).
tarefa(1326,[1375,1376,1377,1378,1379],14,3).
tarefa(1327,[1350,1351,1352,1353,1354,1355,1356,1357],2,2).
tarefa(1328,[1344,1345,1346,1347,1348,1349],6,5).
tarefa(1329,[1330,1331,1332,1333,1334,1335,1336,1337],4,4).
tarefa(1330,[1420,1421],46,1).
tarefa(1331,[1431],5,5).
tarefa(1332,[1418,1419],43,1).
tarefa(1333,[1400,1401,1402],14,2).
tarefa(1334,[1387,1388,1389],9,5).
tarefa(1335,[1385,1386],1,5).
tarefa(1336,[1381,1382,1383,1384],1,4).
tarefa(1337,[1344,1345,1346,1347,1348,1349],2,2).
tarefa(1338,[1403,1404,1405,1406],30,4).
tarefa(1339,[1424],4,5).
tarefa(1340,[1420,1421],2,3).
tarefa(1341,[1380],34,5).
tarefa(1342,[1372,1373,1374],26,1).
tarefa(1343,[1350,1351,1352,1353,1354,1355,1356,1357],9,3).
tarefa(1344,[1372,1373,1374],13,1).
tarefa(1345,[],1,1).
tarefa(1346,[1426,1427],31,3).
tarefa(1347,[1424],4,1).
tarefa(1348,[1420,1421],44,5).
tarefa(1349,[1391,1392,1393,1394],13,3).
tarefa(1350,[1390],13,2).
tarefa(1351,[1424],2,1).
tarefa(1352,[1407,1408,1409,1410],25,2).
tarefa(1353,[1400,1401,1402],16,2).
tarefa(1354,[1391,1392,1393,1394],17,1).
tarefa(1355,[1372,1373,1374],17,1).
tarefa(1356,[1365,1366,1367,1368,1369,1370,1371],11,3).
tarefa(1357,[1358,1359,1360,1361,1362,1363,1364],7,4).
tarefa(1358,[1422,1423],50,1).
tarefa(1359,[1431],53,1).
tarefa(1360,[1417],30,1).
tarefa(1361,[1411],19,1).
tarefa(1362,[1400,1401,1402],9,3).
tarefa(1363,[1395,1396,1397,1398,1399],24,5).
tarefa(1364,[1365,1366,1367,1368,1369,1370,1371],4,4).
tarefa(1365,[1411],15,1).
tarefa(1366,[1432],4,2).
tarefa(1367,[1431],49,1).
tarefa(1368,[1417],26,1).
tarefa(1369,[1412,1413,1414,1415,1416],32,5).
tarefa(1370,[1400,1401,1402],5,3).
tarefa(1371,[1375,1376,1377,1378,1379],1,4).
tarefa(1372,[1432],54,4).
tarefa(1373,[1432],2,3).
tarefa(1374,[1403,1404,1405,1406],4,2).
tarefa(1375,[1380],13,3).
tarefa(1376,[1432],1,5).
tarefa(1377,[1431],48,4).
tarefa(1378,[1407,1408,1409,1410],13,1).
tarefa(1379,[1400,1401,1402],4,5).
tarefa(1380,[1417],12,3).
tarefa(1381,[1391,1392,1393,1394],14,1).
tarefa(1382,[],2,1).
tarefa(1383,[1420,1421],45,5).
tarefa(1384,[1387,1388,1389],8,2).
tarefa(1385,[1422,1423],54,2).
tarefa(1386,[1391,1392,1393,1394],14,5).
tarefa(1387,[1417],26,5).
tarefa(1388,[1420,1421],37,3).
tarefa(1389,[1400,1401,1402],5,2).
tarefa(1390,[1417],24,4).
tarefa(1391,[1395,1396,1397,1398,1399],14,2).
tarefa(1392,[],4,5).
tarefa(1393,[1425],4,2).
tarefa(1394,[1407,1408,1409,1410],8,1).
tarefa(1395,[1412,1413,1414,1415,1416],12,5).
tarefa(1396,[],4,1).
tarefa(1397,[1431],29,4).
tarefa(1398,[1428,1429,1430],28,3).
tarefa(1399,[1426,1427],4,2).
tarefa(1400,[1422,1423],41,2).
tarefa(1401,[1432],55,1).
tarefa(1402,[1418,1419],29,4).
tarefa(1403,[1422,1423],36,5).
tarefa(1404,[],5,3).
tarefa(1405,[1431],39,4).
tarefa(1406,[1407,1408,1409,1410],4,2).
tarefa(1407,[1412,1413,1414,1415,1416],18,3).
tarefa(1408,[1424],37,1).
tarefa(1409,[1412,1413,1414,1415,1416],18,5).
tarefa(1410,[1411],1,2).
tarefa(1411,[1422,1423],31,5).
tarefa(1412,[1422,1423],14,1).
tarefa(1413,[],46,4).
tarefa(1414,[1432],28,3).
tarefa(1415,[1422,1423],14,5).
tarefa(1416,[1418,1419],2,5).
tarefa(1417,[],52,2).
tarefa(1418,[1422,1423],12,2).
tarefa(1419,[1420,1421],3,2).
tarefa(1420,[1424],14,1).
tarefa(1421,[1422,1423],9,3).
tarefa(1422,[1432],14,4).
tarefa(1423,[1428,1429,1430],2,4).
tarefa(1424,[1425],12,1).
tarefa(1425,[],15,4).
tarefa(1426,[1428,1429,1430],24,2).
tarefa(1427,[1431],25,4).
tarefa(1428,[],30,2).
tarefa(1429,[1432],12,2).
tarefa(1430,[1431],1,4).
tarefa(1431,[1432],11,1).
tarefa(1432,[],18,3).